-0.0183207
0.0256879
-0.019933
0.0224232
-0.0180171
-0.00475087
-0.019368
0.00300341
-0.00504215
-0.000500476
0.0104287
-0.00169516
-0.0222177
0.0176797
0.00849866
0.0181929
-0.014136
0.0131393
-0.00915538
0.000231791
-0.0147275
0.023202
-0.013863
-0.0274733
0.0137206
-0.0205571
-0.00108665
-0.0174393
-0.00310079
-0.0135334
0.0191732
-0.0263485
-0.0326424
-0.0138469
0.0180437
0.0283331
-0.00223669
0.00387235
-0.000989832
-0.00659166
-0.0299115
-0.010677
-0.0265096
-0.00798317
-0.000953801
0.018595
0.0118977
-0.00787468
-9.26381e-05
-0.00862601
0.00449164
0.024502
0.0246395
-0.0204309
-0.0182852
-0.0176375
0.0200208
0.0236085
-0.0166387
0.022105
0.000903327
0.0192699
0.0245241
-0.0305258
-0.023572
-0.0201346
-0.024636
0.0107012
-0.0271722
-0.0191757
0.009171
0.00917874
0.0235132
-0.0152099
0.0172156
-0.0116059
-0.0180243
-0.0230262
-0.0110876
0.00945187
0.0183439
0.00355522
-0.0093614
0.0294271
-0.0267405
-0.0289844
-0.0189801
0.0196124
0.0240894
-0.00356882
0.0112003
-0.0156968
0.000120249
0.000464183
0.0242965
0.0113859
-0.0189013
0.00782365
-0.00661995
-0.0193827
-0.0194772
0.005413
-0.000815258
-0.0217833
-0.000109328
-0.0134937
0.0158456
0.0195656
-0.0147733
0.0249522
0.0257066
-0.0223596
-0.00894411
0.0184857
0.0140826
-0.0139075
0.0162165
-0.0208795
-0.00423609
-0.0123535
-0.0232737
0.000490235
-0.0229444
-0.0150159
0.00104174
0.0254388
-0.00362774
0.0247712
0.00995279
-0.00104033
0.0137845
-0.0181418
0.00339329
-0.0183123
0.0156694
0.0118399
-0.016448
0.0191572
0.00359752
-0.00500173
-0.0229043
-0.0289057
-0.0141063
0.0129322
-0.0224496
-0.0218452
-0.0303584
0.0247023
-0.0154574
0.00330657
-0.0178488
0.0170488
0.0155576
-0.0210758
-0.0041161
-0.0185825
0.0150164
0.0246607
-0.0072897
-0.00533022
-0.00500173
-0.0229043
-0.0289057
-0.0141063
0.0129322
-0.0224496
-0.0218452
-0.0303584
0.0247023
-0.0154574
0.00330657
-0.0178488
0.0170488
0.0155576
-0.0210758
-0.0041161
-0.0185825
0.0150164
0.0246607
-0.0072897
-0.00533022
0.0247023
-0.0154574
0.00330657
-0.0178488
0.0170488
0.0155576
-0.0210758
-0.0041161
-0.0185825
0.0150164
0.0246607
-0.0072897
-0.00533022
6.19797e-05
-5.07479e-05
3.05941e-05
-9.11029e-05
2.64045e-05
-9.43141e-06
-3.98093e-06
-2.22598e-05
4.95405e-05
-8.06819e-05
5.31751e-05
-3.92416e-05
2.66044e-05
-4.16911e-05
4.67283e-05
-1.01577e-05
3.84521e-06
-2.63327e-06
-9.49612e-06
6.34955e-07
-1.64734e-05
-3.85746e-05
5.64587e-05
-5.75262e-05
5.52144e-06
3.50745e-07
-1.02376e-05
3.17961e-05
2.55701e-05
4.0803e-05
-1.51052e-05
3.78505e-05
-2.47455e-05
4.86841e-05
1.28456e-05
-5.50547e-06
1.02358e-05
4.92098e-05
-4.37368e-05
8.68068e-05
-5.39808e-05
3.15752e-05
-1.23434e-05
1.57851e-05
9.90418e-06
-3.06282e-05
3.17207e-05
-3.62083e-05
2.81865e-05
2.78801e-05
6.8534e-06
2.85433e-05
3.36325e-05
-2.03831e-05
5.34314e-05
8.16861e-06
1.04389e-05
1.27129e-05
-8.69827e-06
1.96984e-05
1.84803e-05
1.87637e-05
2.51937e-05
1.66364e-05
-2.78912e-05
9.81717e-06
1.29842e-05
-5.46487e-05
3.85773e-05
-7.14677e-05
4.71058e-05
-9.45236e-05
1.78129e-05
-3.8974e-05
-8.78458e-06
3.40978e-05
-7.0525e-05
2.64185e-05
-3.69821e-05
-2.5887e-05
-1.81055e-05
-1.51175e-05
-2.72491e-05
-6.56627e-06
-5.29283e-05
-2.27074e-06
-2.86749e-05
5.6701e-06
-5.69199e-06
-2.40447e-05
1.03466e-05
-2.02396e-05
1.89556e-05
-1.0183e-05
1.02755e-05
8.06128e-05
-9.27881e-06
6.12279e-05
1.64585e-05
-2.53293e-05
2.92366e-05
-2.61376e-05
3.95254e-05
-1.44515e-05
-2.03007e-05
-4.14233e-06
1.07279e-05
-8.81776e-06
1.78177e-05
-3.60245e-05
-6.35808e-06
-8.38687e-05
4.78858e-05
-6.78982e-05
-7.26541e-06
3.5965e-06
-2.00342e-05
5.51254e-06
-5.46776e-06
-3.94502e-05
2.85827e-05
-6.23552e-05
6.14817e-06
-3.92378e-05
3.17517e-05
-3.4221e-05
-1.68717e-05
-1.30861e-05
2.52098e-05
-3.74703e-05
5.49367e-05
-4.61132e-05
2.62957e-05
-1.33805e-05
3.42128e-05
-7.26471e-06
1.71374e-05
-1.80947e-05
3.63376e-05
-4.17252e-06
-1.2481e-06
5.15571e-06
-8.24778e-07
1.46683e-05
-7.55689e-06
-7.39313e-06
-1.60572e-05
-2.54893e-05
3.03326e-05
-8.09386e-05
-1.92857e-05
-5.25373e-05
1.03724e-05
-3.53696e-05
-1.89267e-05
2.34882e-05
-3.40058e-05
-1.58269e-05
-1.87325e-05
-3.7155e-05
3.8898e-06
-4.21924e-05
4.13683e-05
-7.32861e-05
-8.47282e-06
-2.13311e-05
-1.34501e-05
-2.75433e-05
-3.72851e-05
-2.85671e-05
-1.92841e-05
-4.66297e-05
-3.12546e-05
-2.37401e-05
-3.69346e-05
-1.32647e-05
1.25695e-06
-4.35605e-05
-2.60335e-05
-2.16222e-05
-3.66176e-06
-1.87486e-05
5.20203e-05
-1.46778e-05
7.15081e-05
-2.30365e-05
7.52198e-05
-2.16871e-05
7.06792e-05
-2.4696e-05
3.76777e-05
-8.06152e-06
4.0409e-05
4.30258e-05
3.70139e-05
2.25099e-05
-4.67183e-05
5.32117e-05
-2.48539e-06
-1.98693e-05
-9.36426e-06
8.04752e-06
-3.47905e-05
1.01344e-05
-3.96092e-05
-2.2968e-05
-2.90087e-05
-1.9687e-05
-1.02156e-05
6.30855e-06
-2.09304e-05
-2.93998e-05
4.41852e-06
-1.864e-05
-8.65153e-06
-1.82507e-05
4.29069e-05
-4.90243e-05
4.75947e-05
-1.87434e-06
4.07207e-05
3.78275e-06
1.18682e-05
-8.88044e-06
5.26582e-06
2.09135e-06
2.44399e-05
-4.71906e-05
6.8965e-05
-6.1269e-05
0.000100635
-6.17403e-05
1.4485e-05
1.19067e-05
-2.4978e-05
6.83372e-05
-8.08259e-05
5.87484e-05
-1.8931e-05
9.84757e-06
3.33991e-05
-5.10745e-05
3.30078e-05
-1.53846e-05
-3.30347e-05
3.46211e-05
-4.16299e-05
2.39836e-05
-1.26874e-05
1.03276e-05
-1.80041e-05
-1.12097e-05
6.50367e-05
-2.84324e-05
-3.69116e-05
5.64366e-05
-6.55201e-05
5.54833e-05
-9.34602e-06
-4.56746e-06
1.83382e-05
1.96306e-05
2.36277e-05
3.68461e-06
7.68933e-06
5.94608e-06
-3.87019e-05
5.82791e-05
-5.78506e-05
5.15808e-05
-1.00803e-05
-5.97435e-06
1.91259e-05
8.14712e-06
-8.93692e-06
1.32468e-05
1.08204e-05
-3.75548e-05
5.50238e-05
-2.09138e-05
7.91012e-05
3.37992e-06
4.0901e-05
2.08439e-05
6.7293e-05
1.05084e-05
1.41194e-05
-7.66309e-06
9.83614e-06
1.74538e-05
5.86809e-05
-3.97682e-05
7.29303e-05
-4.26147e-05
6.77762e-05
-3.46052e-05
5.80098e-05
-3.57972e-05
1.77133e-05
2.74118e-05
-1.23631e-05
1.21851e-05
-1.40477e-05
-1.43704e-05
-2.13998e-07
-2.46096e-05
-1.39443e-05
1.51794e-05
-2.3224e-05
-2.26143e-05
-2.54497e-05
2.06834e-06
-1.01259e-05
-7.96174e-06
-4.14e-05
5.4124e-05
-4.89205e-05
5.28001e-05
-5.47349e-05
4.3149e-05
4.55213e-06
-1.31242e-05
9.27467e-05
-7.73223e-05
5.86899e-05
1.01428e-06
1.67937e-05
1.05897e-05
3.37975e-06
8.75701e-06
4.70373e-05
-6.49608e-06
6.75828e-05
-2.52044e-05
6.72989e-05
-1.99112e-05
1.24682e-05
6.17395e-06
-7.64341e-06
2.90961e-05
1.06788e-05
-2.28785e-05
4.43946e-05
7.39477e-06
-1.76729e-05
-1.61917e-05
-4.04987e-05
2.58448e-06
-5.19155e-05
5.44805e-06
-3.92417e-05
1.9751e-05
-1.12764e-05
-2.31038e-05
2.95258e-05
-5.09082e-05
3.84398e-07
-1.18245e-05
1.54002e-05
1.2352e-05
-1.23539e-05
3.7573e-05
-1.28418e-06
1.29975e-05
2.98669e-05
-1.55852e-05
4.68198e-05
-4.70985e-05
7.29095e-05
-3.49907e-05
7.03821e-05
-4.1713e-05
2.81988e-05
5.86047e-06
-3.87314e-05
6.16213e-05
-4.20774e-05
3.84809e-05
-3.1814e-05
9.69998e-06
-1.27716e-05
-1.39673e-05
3.07361e-05
-6.49958e-05
7.57304e-05
-4.38933e-06
3.26369e-05
-3.17349e-05
4.11032e-05
-4.54306e-05
3.981e-05
-3.63039e-05
-8.33321e-06
-3.04869e-05
-5.09694e-05
3.7562e-05
-3.76846e-05
4.16103e-06
-4.61333e-06
-1.16538e-05
1.06218e-05
-3.43441e-05
-3.26654e-05
-3.57019e-05
-1.64284e-05
-2.34335e-05
1.0393e-05
-3.38746e-05
1.17283e-07
-1.74566e-05
-3.20574e-05
4.9229e-06
-2.36386e-05
-2.9203e-06
-3.57006e-05
-1.58088e-05
2.81143e-05
5.78516e-06
2.66639e-05
-3.11258e-05
4.99432e-05
-7.05965e-07
7.51662e-06
7.35383e-05
-8.27303e-05
7.7656e-05
-8.54019e-05
3.26735e-05
-6.95402e-06
-3.98448e-05
-1.30331e-06
-3.63502e-05
1.57763e-05
-2.59624e-05
7.88677e-06
-2.90776e-06
1.58048e-05
-1.54357e-05
1.0174e-05
9.94875e-06
-3.67217e-05
2.1655e-06
-3.70255e-05
2.88282e-05
-8.764e-06
2.98334e-05
6.13069e-06
-3.61238e-05
1.86157e-05
-2.26981e-05
-4.21795e-05
3.44066e-05
-5.55222e-05
2.74708e-05
-4.61278e-05
6.10009e-05
-4.18112e-05
5.62845e-05
1.46718e-05
-1.09676e-05
2.72056e-05
-3.39346e-05
7.16783e-05
-5.61677e-05
6.2341e-05
4.54591e-06
4.5266e-05
2.59392e-05
1.52217e-06
3.90085e-05
4.07667e-06
1.58862e-05
8.92382e-06
9.31333e-06
2.12715e-05
8.96623e-07
-1.37726e-05
2.82288e-05
-3.2671e-05
3.76185e-05
-5.94284e-05
3.91577e-05
-4.53974e-05
1.00876e-05
1.10623e-05
-3.95646e-05
-4.59966e-06
-2.87957e-05
-4.3448e-05
-8.05977e-06
-1.20131e-05
-1.93214e-05
7.90096e-06
-2.94634e-05
3.71287e-05
-3.19493e-05
-1.54109e-05
3.58645e-05
-1.22088e-05
1.05458e-05
4.07121e-05
-3.60882e-05
6.05165e-05
-4.61188e-06
-1.44773e-05
4.11609e-05
-8.74589e-06
-1.84936e-05
4.20581e-05
-7.52168e-05
9.01533e-05
-0.000119861
0.000102634
-0.000104992
6.84013e-05
-3.3118e-05
-1.40086e-05
-2.34674e-05
-7.48766e-06
-6.45788e-06
-3.67185e-05
3.87951e-05
-2.11374e-05
-6.0858e-06
1.75732e-06
-1.2893e-05
3.5888e-05
-6.43436e-05
2.05972e-05
-2.57948e-07
1.89621e-05
-3.82816e-05
1.04835e-05
-2.47707e-05
-1.01042e-05
3.37518e-05
-3.07405e-05
3.56199e-05
3.55104e-05
-3.7728e-05
5.97616e-05
-2.3727e-05
4.88746e-05
-2.70484e-05
