-3.68491e+08
-3.45478e+08
-6.35069e+08
-4.0745e+07
-1.60086e+08
1.50914e+06
3.18469e+08
-3.89672e+08
-6.05115e+08
-1.13492e+08
-7.25362e+08
1.4044e+08
1.03459e+09
2.1633e+08
6.22982e+08
2.01721e+07
2.49181e+08
-6.3322e+08
-6.41459e+08
-7.92297e+08
-8.23564e+08
7.04824e+07
6.62683e+08
-6.23418e+08
5.60519e+08
2.62013e+08
-2.94268e+08
2.31974e+08
-2.25651e+08
2.41626e+08
-3.2355e+08
-2.36771e+08
6.13663e+08
2.86856e+08
5.82599e+08
1.29805e+08
3.73541e+07
-2.59701e+08
9.99158e+08
6.50141e+08
-1.03602e+08
4.56713e+08
-1.07338e+08
3.09345e+08
1.24495e+09
-2.91495e+08
2.34029e+08
-3.06842e+08
-7.02805e+08
-5.25127e+08
7.71471e+08
9.62987e+08
-3.97691e+08
-7.12326e+08
-6.1363e+08
8.57471e+08
-5.44525e+08
-5.04458e+08
2.41778e+08
-9.78155e+07
-6.62154e+06
-4.51766e+08
6.40893e+08
-4.2652e+08
2.19143e+08
7.1275e+08
-5.25864e+08
6.27745e+08
-1.05713e+08
-7.39716e+08
5.5601e+08
4.37807e+08
4.21941e+08
-6.86062e+08
2.61401e+08
-6.43176e+08
5.86125e+08
-1.84541e+08
-6.21202e+07
-2.50742e+08
4.22075e+08
1.93581e+08
5.91058e+08
3.05234e+07
-8.69774e+08
5.34021e+08
-7.6524e+07
-4.33253e+08
-2.73877e+08
1.60321e+08
-2.85644e+08
-5.40002e+08
2.25449e+08
-2.89169e+08
8.80716e+08
-2.39908e+08
-3.32868e+08
-2.10317e+08
2.71071e+08
6.08124e+08
3.1059e+08
-5.78611e+08
5.48792e+08
1.78879e+08
2.7593e+07
-3.81068e+08
-1.94548e+08
6.7889e+07
-5.53327e+08
-5.36103e+08
-3.74312e+07
2.14197e+08
-4.30644e+08
-7.14145e+08
5.92587e+08
-2.26537e+08
1.31829e+08
-4.40685e+08
-5.19461e+08
1.01967e+09
-7.15081e+08
-1.38046e+08
1.13698e+09
1.77819e+08
-1.06117e+09
7.29256e+08
-6.16993e+07
9.32699e+08
-4.65631e+08
1.08463e+09
-3.12858e+08
-1.16091e+09
9.10863e+08
8.80546e+08
-3.6978e+08
9.37151e+08
6.95737e+08
-7.881e+08
3.72429e+08
5.47235e+07
-8.51973e+07
6.69195e+08
-1.30827e+09
-1.51723e+08
-6.1563e+07
-2.2492e+08
-7.91825e+08
3.42632e+08
-5.00412e+08
7.74831e+08
-4.40533e+08
-8.60774e+08
2.61241e+08
-3.77283e+08
-7.10865e+08
-5.17347e+08
-4.74164e+08
-2.57978e+08
-1.71632e+08
-5.51783e+08
8.38079e+07
-1.20047e+09
6.74019e+08
1.24137e+09
-7.74391e+07
3.38929e+08
-1.8716e+08
-1.10342e+08
2.43724e+08
-6.1671e+08
-3.03577e+08
1.51416e+08
-1.55976e+08
-8.51412e+07
-144557
5.60028e+08
1.51204e+08
-1.38482e+07
-4.58619e+08
6.86191e+08
1.1898e+09
2.83535e+07
-5.50144e+07
7.37275e+08
-1.42594e+08
-1.61588e+07
3.97933e+08
6.73517e+08
-4.93303e+08
4.0828e+08
-1.01305e+09
7.46804e+07
-5.57098e+08
-5.90581e+08
-1.77107e+07
1.07621e+08
-3.12821e+08
-1.76773e+08
-3.76739e+08
-4.61595e+08
4.63865e+08
7.77296e+08
-2.92211e+08
9.23829e+08
-1.87827e+07
5.83965e+08
4.27119e+08
1.94894e+07
-6.32678e+08
3.22394e+08
2.34184e+08
-3.82856e+08
4.06811e+08
-2.39749e+07
-4.42978e+08
2.07567e+08
8.73613e+07
5.41525e+07
-6.58741e+08
-1.61125e+08
-2.15505e+08
1.00371e+08
5.32696e+08
-1.01455e+08
-1.3923e+07
8.5063e+08
-6.69275e+08
-5.42496e+08
-2.71781e+08
7.96143e+08
-1.07321e+09
8.5e+08
6.32027e+08
-2.40238e+08
5.065e+08
-5.96089e+08
1.01388e+09
-6.75344e+08
-7.48687e+08
-6.05468e+08
-7.65752e+07
-7.28269e+08
-5.59472e+08
1.19647e+08
8.81613e+07
-9.14694e+07
-4.33964e+08
7.32521e+07
-1.14267e+09
7.05892e+08
-7.05447e+08
-4.54145e+08
-3.82856e+08
-1.15262e+08
6.92733e+08
-3.50976e+08
-2.56032e+08
-6.96299e+08
1.91547e+08
-3.48015e+08
1.66157e+08
-4.35571e+08
-4.29786e+08
-7.06397e+08
-4.60005e+08
6.51276e+07
1.6185e+08
9.81154e+08
-5.2941e+08
-1.0241e+08
5.66484e+08
3.39989e+07
1.66293e+07
2.78567e+08
5.16844e+07
2.59291e+08
-3.25162e+08
-1.62954e+08
2.60376e+06
-1.12722e+07
-2.35764e+08
1.7587e+08
3.86341e+08
-1.17247e+08
-7.715e+08
5.72383e+06
1.09121e+09
-8.14424e+08
-3.57003e+06
-1.1293e+09
-3.30617e+08
-9.67747e+08
3.12105e+08
-6.53411e+08
1.11611e+08
1.3962e+08
2.92672e+08
-3.68683e+08
9.5563e+08
112352
103321
93015
77665
68110
58002
46948
33352
21287
9683
-4320
-13852
-26657
-40111
-52593
-60022
-73922
-87010
-97843
-111592
-122627
-132858
-144510
-155823
-167611
-176934
-187020
-197551
-204944
-216077
-225401
-234187
-242216
-251122
-258688
-265610
-271318
-282276
-286527
-295171
-297840
-304310
-312614
-315097
-321718
-322118
-327229
-329046
-334513
-336514
-335198
-338400
-341640
-340579
-339575
-339012
-337951
-337517
-332475
-332863
-331435
-330463
-327578
-325909
-318268
-314207
-307407
-305049
-295993
-288488
-283953
-277545
-270732
-260457
-255685
-247610
-238553
-229128
-221811
-208961
-202254
-193200
-180638
-174783
-162527
-152070
-139555
-128378
-117775
-104922
-96185
-86504
-73480
-60385
-53509
-40964
-27909
-16933
-4641
12134
21787
33854
47685
59615
70214
83640
92511
104212
114734
124310
134556
145670
159409
169495
180140
191583
199130
208973
217542
227720
235464
244914
254642
259756
270338
277780
284461
293483
297927
301847
306158
312880
317045
321972
326810
329781
332364
335634
339067
340297
340721
344370
345316
343936
344892
348635
344795
343821
342905
338365
336799
333449
330633
328283
323035
316899
312049
304555
300040
293671
287328
278811
271311
262449
255564
245291
238221
229441
217838
208730
199576
187567
177478
169585
155386
142241
132690
118942
104304
94839
82797
70921
56944
47824
34336
21200
11764
-3958
-18367
-29963
-43970
-55687
-69532
-80161
-91089
-106710
-115596
-128990
-138915
-152313
-165026
-178043
-185211
-198858
-208614
-220912
-229866
-240381
-250204
-259742
-268762
-277044
-285460
-292239
-301075
-306200
-311148
-318796
-326778
-333142
-338016
-342116
-345276
-351794
-352721
-357267
-356912
-363736
-361747
-364663
-363962
-364426
-365227
-364423
-362778
-360564
-356271
-355926
-352125
-348149
-346925
-339406
-337533
-332891
-323122
-319248
-316594
-306046
-297384
-290221
-282790
-273610
-265586
-256286
-245840
-233723
-227240
-212767
-202091
-191765
-181182
-171802
-156482
-146470
-134626
-122187
-112128
-96579
-86797
-72010
-60252
-46952
-31616
-20924
-10307
5076
18445
33248
44439
57417
68038
80091
93972
105182
117242
131999
141417
157529
168967
180712
191446
205379
214762
222878
231018
240409
252673
261746
267888
275536
284593
293160
300866
307292
315145
324038
326705
333321
338063
341670
346590
349361
351280
353571
354964
355647
355717
357430
356556
359186
357560
358903
358707
355756
357972
355543
351045
347333
343315
339096
332703
329674
322467
316306
315311
304011
298168
291119
284951
272354
265143
255666
242600
237150
223937
216026
204239
192471
182648
171901
158634
148785
134465
124954
114143
98828
91081
74100
62376
48439
39306
21628
9482
-1163
-12578
-29649
-41333
-51722
-67138
-78252
-89166
-107132
-115514
-128530
-139960
-151776
-162179
-175391
-189673
-196911
-208748
-221757
-230287
-239120
-250818
-260087
-270883
-280409
-287993
-296278
-305083
-311892
-317468
-323032
-328444
-332873
-339728
-345331
-348024
-351953
-359636
-359976
-360778
-363487
-364863
-364861
-363256
-365454
-364049
-367349
-365484
-366100
-362070
-361315
-358426
-352025
-347700
-345648
-339146
-333352
-328089
-323200
-317983
-309305
-304498
-294079
-287834
-277046
-268186
-258496
-252214
-238727
-228428
-222064
-208369
-196512
-190689
-176365
-163601
-151508
-139944
-127155
-114051
-101825
-86043
-76887
-62449
-49911
-34501
-24902
-10994
1254
13726
26473
38589
54157
63895
79092
93653
109050
116405
132782
144257
156056
165695
175551
188796
198870
210959
220749
234255
245208
256178
267686
275686
284884
289676
302368
307692
315234
320913
326382
331826
339226
341391
347022
352917
356607
360960
364153
367688
368645
372521
374055
375279
371499
374387
373310
372902
367319
365428
362180
361797
357220
352882
348980
345973
340797
333380
329108
322968
315861
308745
300227
292105
284244
274506
263583
257503
244804
235712
223877
214636
206541
192465
181250
171327
156443
144283
131610
115153
104502
91471
77126
64520
54741
39067
25994
15753
-601
-14545
-30197
-41384
-56078
-65646
-81095
-94377
-107506
-119929
-136784
-146063
-159973
-172161
-184553
-194585
-208084
-217357
-225325
-237051
-245793
-258399
-268886
-279702
-286845
-295180
-306093
-314054
-320029
-329286
-333512
-342757
-346368
-351892
-356785
-359389
-366007
-368267
-370317
-370296
-376908
-376202
-381527
-378738
-379670
-380494
-380201
-375830
-372365
-369055
-365973
-361641
-359100
-355453
-350167
-347094
-339961
-332868
-326893
-321244
-312410
-304296
-298365
-286556
-276734
-272265
-259753
-247109
-238230
-226528
-215966
-202621
-191477
-180907
-171955
-156710
-146098
-134881
-120161
-107879
-94294
-84699
-69783
-56461
-41313
-30252
-18058
-1306
11830
24811
38747
51624
62763
77697
88849
101505
114420
127692
139072
151986
163231
174213
186408
201149
209113
215870
231082
241337
246161
257598
270888
276497
286575
291266
301875
310025
317143
322787
328903
336871
340018
345819
352230
355994
359759
361312
364156
366884
367260
368112
371763
373353
371590
371926
369796
369035
368249
363305
361824
358891
357025
349730
348171
345334
337193
334787
326798
318520
309527
303300
296060
287040
282170
266379
259754
253377
241557
231932
222337
208666
198848
187651
175437
163872
154281
139452
128179
114373
102075
89238
74668
64704
49447
36821
26333
9854
-2149
-17607
-30340
-43097
-56913
-69208
-81018
-93581
-107247
-120242
-130760
-143251
-155251
-168479
-180718
-191543
-200506
-215282
-225719
-233356
-246420
-252621
-261042
-272294
-277841
-285335
-297164
-305162
-309896
-322278
-323672
-330985
-336358
-339711
-344303
-350353
-354539
-356578
-361175
-359004
-360255
-363388
-364497
-362926
-367842
-366081
-367054
-366294
-364070
-361335
-358314
-356899
-349512
-347158
-343655
-338482
-334190
-329471
-323159
-314643
-307135
-298418
-289414
-282116
-275019
-268669
-260189
-248164
-239928
-231189
-221178
-205858
-196044
-184525
-174938
-164174
-152354
-140079
-128771
-114969
-104015
-91120
-78407
-64138
-51270
-39226
-25451
-12355
-714
11934
24373
41069
51402
62620
78278
89272
100934
116598
125782
136628
147144
162490
171958
185033
197742
204893
216735
227521
236350
247975
257126
265187
271364
282205
290820
297394
303927
311965
317173
324298
328000
338090
340967
344266
349191
353959
355498
359574
360140
358882
362159
366786
365480
367508
365890
365222
363978
361613
362027
357295
358012
352334
347885
343879
340081
334482
326335
320334
312128
306285
299955
293739
286533
275831
269877
261472
248513
239607
231096
217939
207813
196604
186788
173911
161801
150832
137898
124020
112888
100378
86382
73971
60262
49593
35917
25402
9220
-3871
-16798
-31330
-44517
-57359
-71519
-84862
-98428
-110534
-123203
-137921
-147989
-159947
-171360
-185000
-196060
-208564
-218637
-232983
-241288
-251990
-262232
-273289
-279746
-289795
-296752
-305855
-314589
-321016
-327036
-332722
-340953
-345335
-350572
-353502
-358323
-363358
-366179
-368330
-371649
-374064
-374667
-376777
-375840
-375232
-374326
-373727
-369800
-370828
-364178
-364255
-361688
-356879
-351996
-346554
-345201
-336540
-329418
-319753
-313489
-307125
-297415
-290410
-280760
-273499
-262900
-255756
-246047
-234410
-221000
-212019
-197971
-187988
-177574
-166429
-151323
-140238
-127684
-115505
-105379
-88327
-76776
-61858
-51618
-36341
-27206
-12774
-3632
13305
27139
39207
50440
66858
77508
91753
105580
114930
125399
138823
149358
160126
171880
183875
194933
206815
220027
225987
239393
248150
251916
263682
271572
280523
287822
295783
300819
310874
313539
318303
321923
331104
332487
337367
339984
346822
348175
353036
351917
355337
357537
353453
357820
354796
356002
351728
353857
350182
348020
343611
340410
341381
335492
328239
323681
319634
311648
309143
301262
295468
286951
281080
271734
265899
257355
248203
237082
222979
217874
202282
198609
187215
174913
163346
154548
143569
128974
120737
105297
92432
79251
64799
54737
44742
31739
22094
6932
-3690
-15601
-30193
-41769
-55779
-66374
-79368
-91063
-104257
-115522
-127664
-136666
-151179
-161628
-174067
-185024
-194105
-204214
-215181
-222151
-231915
-242440
-252737
-260563
-269478
-276835
-284629
-293156
-300688
-304548
-313208
-316799
-322084
-326598
-332093
-337340
-339199
-344406
-345018
-346662
-349084
-351815
-352075
-352242
-350892
-353596
-353766
-350391
-349784
-347942
-344745
-342547
-337585
-334826
-330955
-325715
-319790
-313269
-307047
-303545
-298441
-291490
-281145
-276989
-264552
-258519
-249925
-238170
-228205
-220504
-209849
-199852
-187591
-177769
-170615
-155021
-147259
-133943
-123522
-113360
-100488
-86041
-74649
-65470
-50703
-38910
-27373
-15599
-1612
9145
19997
35570
45874
56607
71633
83298
95681
107440
115227
127185
141643
150895
161277
171417
184658
194425
204076
212041
222850
233041
238285
247817
255179
263583
273227
281295
286498
291951
298032
303472
308142
314190
317614
322834
327656
331627
333928
337459
340990
339327
343058
342773
344467
346050
342070
342157
339364
336844
335775
336962
331599
330081
324226
324413
319565
315027
309030
300989
295231
287571
280216
275338
268825
259392
252402
244189
233618
224261
212941
203461
196824
186168
175220
165800
156337
144570
133045
122916
109811
97932
84161
74106
63160
51413
37328
26076
14376
2376
-11588
-24529
-37494
-49631
-59447
-77188
-85250
-96067
-106719
-118081
-129473
-142563
-152189
-163478
-174524
-185807
-194389
-202613
-211409
-222122
-230466
-240619
-250174
-258813
-266216
-276135
-283871
-292962
-294198
-302131
-306151
-311537
-314449
-319038
-324913
-330155
-332063
-331512
-334939
-336234
-340168
-338663
-340080
-339073
-339129
-338833
-339446
-338117
-336233
-335283
-332471
-331755
-329357
-323896
-318103
-315017
-307152
-302684
-296410
-292678
-286641
-281452
-271739
-266494
-255557
-248511
-240733
-228543
-222634
-213829
-202653
-192757
-184885
-175040
-167516
-155258
-140971
-131378
-119385
-104926
-92638
-83722
-71069
-59053
-46642
-35102
-23952
-12979
49
12278
22707
35731
47847
59790
69176
83535
95312
106800
118669
131232
142711
151619
161981
173426
185894
196629
206497
217252
224107
236364
245842
255732
264935
271353
278254
285813
294053
301250
303672
310458
317376
320749
322653
326320
333093
335700
341808
343901
343802
348965
348739
352738
350958
351200
351774
351692
349028
344411
342603
340376
339634
332650
329212
327485
325259
319727
313507
307943
302330
294945
286823
279596
270098
262730
254737
245489
236064
226545
219002
209379
201790
188579
176106
166369
157737
142158
129923
120756
105231
97506
81453
70858
57609
49594
35390
25772
12615
-1265
-14435
-27005
-40169
-53441
-67798
-79144
-90801
-106882
-117762
-130632
-138090
-152195
-165687
-177914
-187610
-193851
-208070
-217121
-228521
-236611
-247818
-257013
-268407
-277856
-286037
-291237
-299186
-306692
-315085
-317833
-322620
-331927
-337196
-343329
-344317
-347296
-351819
-355253
-355369
-358943
-360804
-361109
-361772
-360997
-359456
-359752
-357135
-357058
-355231
-349998
-347527
-344040
-343352
-336013
-326578
-322546
-317577
-311235
-303414
-294785
-289985
-282164
-271631
-263871
-256416
-244899
-236388
-226713
-215407
-202927
-190880
-184771
-174204
-161447
-148200
-138748
-127324
-113675
-102504
-87772
-76297
-65478
-50165
-37779
-25902
-10271
1940
13779
24547
40223
52336
61582
73965
87760
100958
110666
124911
136783
146106
158671
170081
178903
190909
201948
210908
223220
233244
239398
250498
261907
269853
275066
283162
292930
301827
305778
311818
317633
326114
328973
333272
338623
342640
347719
347547
353550
353660
353138
356832
359327
359164
356818
359339
358655
359289
355739
352438
351720
348801
343726
337926
334195
330428
325258
315580
313432
305539
299610
292057
286339
273564
269017
259418
250286
237903
228677
217647
208028
199700
185390
176059
168763
152408
140879
129295
115905
102818
90694
78196
66455
51245
42041
29944
17950
3283
-6090
-20990
-34674
-47452
-63563
-71936
-84668
-94961
-109743
-121189
-130971
-144104
-158289
-168217
-179263
-190433
-200882
-210270
-219409
-227628
-237945
-244541
-252356
-264791
-272483
-279639
-285993
-295165
-301822
-307625
-312742
-312480
-320309
-327988
-331977
-333820
-339902
-342167
-345481
-346618
-349565
-348904
-348007
-348286
-351390
-348853
-348771
-348811
-344695
-344009
-340911
-339531
-335007
-332239
-328529
-321827
-318503
-310514
-305216
-298315
-293965
-284088
-277041
-270894
-262019
-254673
-247228
-236098
-226394
-221156
-208962
-197176
-188633
-179960
-165275
-157687
-144414
-131248
-119903
-111995
-97552
-85634
-74639
-61835
-54479
-39656
-25498
-15082
-866
9412
23158
36065
45494
56609
71096
82821
94629
107298
120090
127782
139468
149692
162558
172776
181552
188491
201930
210535
221446
231232
242903
248764
254010
266140
271322
277326
284310
293874
297088
304255
305206
314009
319611
324440
329956
330456
336239
336207
340955
340268
342036
341413
342476
341153
341824
344630
340822
339863
341244
337201
333013
332271
327870
325286
320828
314928
309814
302299
296318
291062
283984
276804
272163
264038
253133
244764
237329
231213
221847
210485
200859
190238
182802
169421
157486
147908
134756
122466
111581
99447
87509
78584
63492
52487
41042
26754
15832
4668
-8855
-19795
-34102
-43495
-56498
-72039
-81844
-92621
-106128
-118087
-128911
-139279
-152981
-160992
-174109
-185096
-194350
-205666
-220085
-225566
-236175
-245131
-255145
-261679
-272195
-278547
-286097
-292508
-301651
-307119
-313321
-318913
-323995
-325183
-332966
-334552
-337557
-340170
-343101
-344489
-348676
-350500
-350690
-353400
-352021
-353156
-349320
-346710
-346728
-341071
-341970
-337084
-335755
-331604
-329032
-322736
-314088
-311517
-305633
-297026
-291108
-282425
-273041
-268991
-262540
-252075
-242064
-233683
-221372
-213396
-203091
-190536
-181129
-173434
-160329
-149100
-137960
-127642
-114489
-103925
-91507
-80286
-66950
-54832
-41576
-29747
-18618
-5220
6471
17019
27886
41084
54425
63168
76274
89995
100949
115247
123532
136517
145249
159429
169749
178308
190097
198591
207681
219887
229087
236372
245695
254628
259384
267161
273855
281986
287590
295576
299004
305562
311719
315139
319715
323210
325659
327361
331616
335223
335013
337471
341656
343406
341181
341814
341285
338181
337087
334500
332874
329806
326350
321345
320237
314494
313217
306284
299534
298604
289196
281646
280698
271772
261569
253555
245684
234054
225188
215254
205083
198545
190341
177520
167969
159439
147744
137152
126004
111784
99849
88851
78015
65460
53796
40133
35192
20749
6710
-6737
-17207
-29257
-42149
-56100
-68217
-77824
-91879
-105610
-115296
-126951
-138979
-148269
-160965
-173658
-183365
-196508
-203739
-213253
-221763
-233596
-241047
-247465
-258647
-267303
-274473
-281747
-292817
-295247
-302311
-310012
-316591
-318350
-324569
-330834
-331901
-337946
-337354
-340824
-344404
-347805
-348700
-349099
-349179
-351920
-348091
-347170
-345362
-344305
-342216
-339134
-336211
-332569
-330084
-326051
-320461
-314563
-306789
-299601
-293188
-286625
-281422
-272453
-267445
-255742
-247061
-238884
-229013
-214986
-203459
-196468
-186251
-178931
-169484
-157582
-148399
-137311
-124704
-112250
-98033
-87289
-72538
-63358
-48148
-36952
-26072
-12062
-3067
11615
23521
39540
47926
63541
74525
84656
95552
109773
119396
134251
142443
156394
167376
174681
187820
197553
209212
215091
225424
236205
246476
253966
262623
269455
280916
290818
293881
303097
307249
313048
315039
321805
324725
330763
334921
338255
342776
346846
346185
348947
351435
348719
349980
350180
350973
348099
348169
347576
344780
341899
340468
334280
332442
326251
321508
314801
309850
304418
296652
290960
283709
281676
272362
261347
251239
243062
234336
225048
214907
203151
193993
185630
172530
163815
154875
142032
129033
114357
101067
89524
78414
60971
48875
36698
25816
11471
1426
-12172
-23372
-37683
-49826
-60556
-71445
-85562
-101504
-109168
-123614
-133821
-146476
-159056
-168394
-181148
-193299
-203631
-210642
-221472
-230860
-240399
-247291
-258738
-266625
-274968
-284498
-290926
-299675
-304981
-311774
-318319
-322254
-326288
-332441
-335819
-336406
-343199
-343281
-345705
-350100
-349759
-350777
-350385
-350055
-350428
-349985
-347206
-345777
-344038
-341307
-336688
-331989
-330320
-322673
-316124
-311293
-306598
-300564
-293686
-288537
-280498
-274469
-271085
-260409
-248113
-237874
-228664
-217780
-205279
-194960
-186410
-176793
-163089
-152294
-141240
-131506
-117430
-102797
-90674
-81612
-69609
-58135
-43997
-34876
-20644
-8127
3779
14768
27941
41880
55789
64754
79315
89728
101576
114404
127379
137613
149396
160378
171039
182748
194801
207346
214915
224451
235170
242079
250747
256170
265170
273771
282772
290324
299282
302624
307924
312768
319954
318164
324375
326594
331960
334332
337763
342417
342036
341655
339953
340591
337700
340500
338154
336953
334424
330115
332759
329596
323222
320821
316664
312505
306800
298635
295460
289383
282032
273062
266875
257989
250444
239811
229575
223929
213925
202336
191964
186044
172931
162484
156251
143151
129548
122532
109228
96692
87665
75889
65277
51533
40134
32111
17522
6723
-2607
-17594
-31206
-43209
-52918
-66898
-79098
-89438
-101082
-113350
-123530
-133235
-142640
-153702
-165146
-172159
-187086
-194586
-203739
-214035
-222477
-229928
-242151
-249526
-257660
-268010
-272574
-281532
-287278
-292158
-296910
-301422
-305091
-310479
-315373
-320447
-325423
-328479
-331939
-333651
-339107
-338032
-336087
-337284
-338065
-339288
-336726
-333131
-334767
-334882
-333560
-326441
-327484
-323277
-320268
-316483
-311717
-303883
-298258
-292711
-282587
-274477
-269652
-263548
-257068
-246860
-241308
-230020
-221054
-212958
-202576
-190818
-185045
-173890
-167357
-154992
-143550
-133996
-117929
-110144
-95364
-83144
-73117
-60940
-52400
-41875
-29534
-17551
-3089
6792
22207
30810
42350
51230
63341
72820
82970
94397
104718
118264
128353
139445
151682
160816
168100
177840
189947
199631
207640
216735
226133
237393
241966
251375
260641
266192
273443
279856
285491
292915
298852
301559
308642
314292
318288
321411
324290
329830
329545
335048
338554
336775
341533
342381
339253
341609
341070
342098
339926
337147
334622
334355
331671
327659
322435
318333
313113
307625
302238
298187
292713
287471
279717
270251
264444
256765
249162
238686
230699
221733
208115
201948
190239
177487
165577
154736
142605
128989
119829
107986
97496
81845
69885
58023
45982
33730
20206
3759
-3926
-19916
-33284
-44535
-56576
-72077
-83087
-98041
-110984
-120887
-134638
-148156
-161430
-168030
-184239
-196580
-205736
-215126
-224240
-236052
-246736
-253438
-264324
-271027
-280381
-288914
-297617
-304719
-311686
-319964
-320652
-328367
-334651
-336752
-342295
-347397
-350219
-355092
-355703
-359566
-361529
-360858
-363112
-360736
-362073
-361098
-360489
-358319
-353674
-349973
-351278
-344257
-340876
-340633
-333626
-328890
-324427
-319927
-311275
-304670
-295653
-289134
-279595
-271561
-263667
-255977
-244690
-237055
-225481
-213125
-206263
-193766
-179708
-167911
-160765
-150213
-136791
-124548
-113348
-100166
-89643
-77576
-61904
-54821
-37502
-22204
-11141
-449
16270
29793
41584
52326
66336
82364
93442
103483
114619
129381
138891
152819
163249
174536
185683
198834
207186
218228
228231
238283
249295
257715
264813
272978
285734
288249
296538
305241
309605
318208
321930
329761
335173
345046
347188
349305
354514
355857
356092
362088
362938
358378
366958
364140
366298
363306
364713
361786
360610
359225
352222
350718
348628
347184
339763
335649
330021
322072
316219
307388
302890
294138
283473
275372
270333
259612
253139
241688
231120
222313
212046
198914
190549
181292
164824
154095
140810
127928
114158
104343
90299
77179
64202
50717
39102
26234
14431
-3024
-10367
-29601
-44313
-56132
-69253
-79618
-95568
-107741
-119805
-132597
-144527
-155497
-168327
-179359
-193982
-203286
-216954
-226541
-236869
-249152
-254652
-267630
-274557
-284404
-290422
-300209
-308148
-316754
-322888
-328873
-332793
-341575
-347209
-346669
-354321
-358057
-359693
-363002
-370087
-366263
-368320
-370403
-371483
-367693
-367466
-368872
-364302
-366583
-360702
-356552
-356624
-354081
-346545
-343466
-339340
-333513
-324115
-316186
-313153
-305318
-297747
-287757
-281868
-271136
-264840
-253591
-244250
-233666
-222907
-210026
-200506
-190686
-175489
-167244
-157917
-143898
-126071
-119363
-107852
-92769
-78356
-67285
-53889
-42504
-31105
-15529
-4996
4266
20460
38635
45077
61958
74943
87857
100712
112099
123087
133575
146890
156820
168977
179127
189562
202108
212862
220848
231169
239759
251542
261182
266208
278361
286850
292158
300703
309362
314726
321292
322488
327930
330324
335253
337892
343416
346093
347724
350064
352064
355065
354980
354465
355201
354583
350409
346839
351184
349607
344259
341809
335306
335647
330398
322748
321043
317413
307908
299568
294469
286828
280000
270928
262099
254249
246312
234892
224815
216017
206050
197056
184043
178298
166057
154259
143941
135569
119148
106595
93332
80497
72044
58264
45027
34788
26033
13358
-99
-13154
-23835
-38669
-48255
-60436
-75401
-88058
-94846
-108644
-119889
-128871
-139309
-152649
-164473
-169949
-184573
-191544
-204154
-212603
-223207
-230783
-240071
-251178
-257082
-264542
-273985
-281285
-283618
-291667
-297300
-302461
-304107
-311140
-312958
-319895
-323141
-327802
-330645
-334487
-332470
-333312
-337949
-337630
-334212
-334349
-335000
-336363
-333806
-328120
-327504
-325221
-324270
-317381
-312283
-313593
-309420
-301792
-294487
-290880
-282173
-278616
-268590
-261405
-251643
-245144
-236537
-227533
-218678
-209232
-202074
-195744
-183535
-171870
-163858
-153838
-144851
-130753
-121194
-107447
-101825
-88588
-75730
-64905
-53195
-44662
-29667
-16959
-4856
4325
15699
27396
39572
48887
60068
71707
85354
95163
105337
119213
127659
139154
148318
156797
169362
176967
186493
196585
207380
216746
222959
233389
242605
248031
253627
261653
269661
276152
282853
283769
292311
297984
304502
307645
312241
317408
320241
323850
325483
330848
327527
331659
334093
333338
334896
332022
332881
331388
332545
325636
324229
319951
322264
318034
313455
314003
307497
301417
294581
291167
281175
278629
270145
262074
252865
250148
238448
232558
226246
215952
205900
197101
188666
179361
171432
155934
148483
135641
124040
110722
101120
87722
77163
65512
53830
43308
35617
20730
8438
-3152
-13104
-28119
-39820
-50938
-63894
-76065
-85216
-96677
-110763
-120617
-131975
-143794
-152751
-162854
-176216
-183500
-194217
-201201
-213106
-221470
-227000
-240946
-247832
-256962
-262892
-269437
-276828
-285252
-293058
-297539
-301694
-309308
-308236
-316535
-321248
-324222
-323781
-327174
-328646
-330655
-334595
-333531
-334909
-336074
-335467
-331683
-332665
-332297
-331600
-328888
-323320
-319343
-318171
-314985
-308280
-302627
-296797
-292925
-287224
-280176
-272218
-266648
-259833
-252538
-243731
-233820
-227938
-215819
-205716
-196468
-186823
-177393
-165401
-156979
-144639
-131399
-127338
-110601
-101432
-87684
-78349
-66825
-55643
-45553
-28551
-21067
-9114
4918
15680
27047
41124
52269
66908
75509
86964
96786
110833
122561
133932
146460
156188
166901
175166
188257
195693
207444
215120
223962
232725
240040
247728
258452
264963
275019
280581
284444
292196
299870
304591
310046
315541
318785
320313
324940
325945
326108
329381
332114
331159
332796
335458
332285
336742
335429
332072
333468
330311
326295
325815
322719
315107
314290
306973
305820
300045
295200
288756
286728
276276
270060
265154
256635
244379
238394
226381
216605
205232
194845
186895
178399
166716
156521
147338
138482
126319
112560
102916
90385
80702
64770
55597
44220
35471
23159
6888
-1824
-13584
-27673
-40390
-51659
-65059
-74806
-87102
-101037
-112555
-122301
-135435
-144610
-157093
-169532
-175786
-186237
-197058
-207223
-217237
-225125
-235337
-248838
-255471
-266723
-270849
-281843
-287299
-294933
-299943
-303946
-309652
-313593
-319470
-324959
-329111
-333259
-335651
-338609
-340280
-341411
-343703
-344088
-343556
-344972
-346445
-343049
-340593
-340958
-337429
-334753
-330196
-327930
-324000
-321078
-316133
-311556
-307994
-299624
-293965
-284975
-280249
-271710
-263407
-255396
-244360
-236995
-227263
-217432
-207982
-198444
-188482
-177675
-166850
-159646
-146729
-135655
-127244
-113119
-99611
-86220
-71746
-60974
-48073
-38183
-27561
-15171
-166
10264
22531
31171
44556
54447
69743
76977
91051
105725
115097
126775
139298
152303
163614
170136
180312
189416
199780
209655
220011
229524
240814
247893
255325
265730
273617
281569
284341
290441
295114
299814
305722
309297
315708
321186
325748
329214
332579
336439
339719
343216
343619
341945
344924
343386
342553
341271
341545
337845
333558
330425
328097
327562
323151
320583
314324
315653
305054
299830
292645
286601
278985
271420
262815
257154
249747
239650
231104
222498
212478
202494
193861
179567
171642
157374
150157
143357
127393
114618
104388
94485
77615
65271
53851
43820
29789
20469
4196
-1567
-13591
-29451
-45248
-57726
-65914
-82470
-92798
-105928
-116790
-127580
-137869
-149927
-163858
-170492
-181004
-193066
-201423
-213555
-218541
-225052
-238999
-245934
-252530
-261049
-268801
-278596
-286175
-293141
-298419
-303973
-309679
-313220
-319751
-322737
-323158
-328111
-331772
-335866
-338120
-335838
-342713
-344179
-341186
-340843
-341545
-341933
-337107
-334156
-332404
-330398
-330438
-321304
-321426
-315564
-310864
-304870
-299288
-297484
-288220
-280998
-277795
-267881
-259153
-253487
-246143
-235440
-228970
-215875
-207359
-198269
-188264
-177912
-166846
-162243
-147337
-133574
-126235
-116188
-104401
-91356
-80593
-69746
-56299
-45190
-34548
-19089
-10246
3284
14429
25950
35812
48114
56987
70219
85661
95270
105081
115422
128859
138114
150000
155672
172769
181571
189855
198289
209266
221555
226211
233701
243168
251563
258077
266891
272741
280702
286778
293661
299083
305503
310132
313228
321163
323103
324332
326151
331576
334033
335845
333760
340400
339125
340132
338102
340120
337800
335217
333610
330279
331876
326927
323083
317840
318334
307547
302532
300610
295714
285711
282931
275469
268407
261988
250745
243285
234389
224314
213586
204067
194562
185893
173688
168310
157180
143767
134198
125391
111361
96189
86432
72563
63443
51464
38451
29251
16235
2469
-10770
-21286
-33855
-49577
-59461
-71616
-84790
-94585
-108532
-118845
-131247
-141959
-156242
-165273
-179202
-186701
-199076
-206875
-217250
-228094
-235938
-245818
-252858
-266406
-273970
-278926
-291158
-295017
-301230
-306349
-312314
-319360
-324793
-328395
-335360
-341808
-342463
-344091
-345947
-349968
-351660
-349731
-352757
-353771
-355563
-354858
-352829
-353688
-354725
-348882
-346847
-344488
-343562
-338383
-334876
-329965
-323470
-317202
-309597
-306890
-296066
-289083
-281220
-274310
-264940
-257647
-244890
-237581
-228429
-218101
-207556
-198055
-191139
-177785
-169111
-153950
-144273
-128817
-117420
-103444
-93597
-78725
-66401
-55090
-43023
-30227
-17750
-5429
10500
21302
35037
48967
63280
74321
88058
99541
115998
127860
139107
149746
161474
176003
181563
196927
206998
220696
228697
237311
249877
260401
271766
279233
288086
296426
304225
307894
317467
325403
329425
335477
338793
344805
350491
356143
362308
368166
367131
370215
371034
374219
376304
374258
373573
373218
375638
372242
370998
371225
369449
367486
362442
359099
355322
349928
340293
336824
327632
319580
313984
309230
300919
291657
284981
273872
263644
255442
244111
232881
222253
210142
204299
187039
174375
161695
151929
139142
123593
113531
98560
88760
73474
63564
50507
38634
22996
6744
-4338
-18850
-33628
-48085
-59860
-74769
-88294
-102728
-111609
-124951
-139071
-153844
-165777
-177837
-191021
-201357
-214525
-224836
-234471
-243156
-257967
-268236
-275271
-287322
-296922
-307356
-315292
-322314
-328105
-332368
-338501
-344834
-350084
-355494
-362368
-367847
-370658
-372068
-376308
-375362
-378933
-379699
-381130
-379523
-379286
-382757
-378884
-379370
-374583
-374997
-368507
-368114
-360596
-359728
-354775
-348352
-339917
-330820
-324628
-316092
-306374
-300000
-293980
-285057
-277103
-266483
-258840
-250338
-234659
-225589
-212029
-200326
-185525
-175829
-163504
-149178
-137952
-125072
-111500
-98046
-86578
-73119
-60771
-48849
-35882
-18535
-5471
8805
22596
36817
51912
64514
77889
88439
104676
112045
124613
136182
148905
161236
171699
183311
196466
208935
217742
230463
244342
253952
262166
271650
280057
289832
297101
302796
311401
315938
322323
328205
335059
338782
343913
349562
355044
358512
362144
365132
365952
367394
369994
368509
371216
370231
370496
368630
364922
362054
362966
357256
354405
350825
347452
345915
343652
335643
331595
321693
316193
307886
299391
292988
282570
276755
269511
259499
251058
238247
231274
218729
207939
197254
185527
176333
162906
149947
136902
123372
111773
98173
86255
70036
61219
48413
35936
23738
14931
-1861
-13244
-25535
-40861
-55839
-65862
-80611
-91739
-106339
-119122
-128761
-139546
-151386
-163381
-173798
-186456
-199167
-209408
-219183
-230809
-239428
-249123
-258885
-267438
-276601
-281660
-291658
-299186
-306431
-312052
-319760
-325333
-330142
-335636
-338330
-343144
-348838
-351633
-351402
-356146
-355559
-357148
-359128
-360915
-356888
-356706
-357848
-354739
-353710
-349968
-347210
-345547
-341459
-338550
-336383
-331394
-327329
-323973
-313411
-309597
-303926
-293423
-288138
-277994
-266471
-260831
-252267
-241017
-234142
-224216
-211009
-204349
-194283
-183825
-174033
-161835
-150377
-139391
-127044
-113361
-102349
-91047
-78021
-64709
-53639
-43442
-31706
-21708
-6014
4466
17629
29893
42673
55146
68198
77161
91321
100165
112624
124018
137664
147348
158804
166633
182688
191563
197667
208323
219419
227912
234031
245853
252847
263065
269621
276153
283629
289298
298473
301049
308121
312187
318750
322211
326032
327857
333605
334539
336802
341030
339951
341223
345061
342249
340108
345172
339719
341417
338135
334972
332406
330466
327822
322645
316098
312027
305799
302446
293406
288574
284931
276271
271427
264603
254976
248745
238733
228784
218062
209121
197759
188263
178615
167338
159296
149686
139007
127694
115764
103763
92015
79728
69185
55506
41783
33307
21410
8155
-4132
-17355
-30151
-44151
-54203
-65152
-78273
-86695
-97710
-109561
-120292
-131155
-141905
-155326
-164098
-175736
-185649
-195369
-202866
-213796
-224663
-231956
-241170
-248712
-257024
-264174
-274650
-279507
-287547
-290271
-298614
-302765
-307835
-312897
-317308
-319445
-323314
-325107
-326776
-329568
-329738
-329691
-333516
-329196
-331764
-330517
-331617
-332900
-330360
-328564
-325299
-323043
-321140
-313075
-312353
-308110
-301399
-295979
-290752
-286108
-280962
-274420
-268172
-263027
-256091
-246152
-240405
-229666
-223428
-210311
-201020
-192174
-183817
-171998
-165932
-154833
-144875
-132403
-121669
-110676
-99108
-87859
-72660
-67788
-54459
-43152
-32356
-20901
-8261
2656
13790
23508
35419
47579
56372
67820
78160
91318
100564
112154
123745
133895
147543
155023
165879
175699
186372
197267
206232
214142
220929
231428
240559
246778
254561
259465
269062
277147
280415
284433
293340
298356
302022
305354
312149
315133
319012
322653
325954
325198
328718
331068
333088
330913
333229
330666
328594
331214
325851
321591
324962
320994
315662
313954
310702
306040
302773
297494
292330
287356
281594
275344
268168
259813
252369
244004
236387
227098
217651
208113
200098
194686
179957
170772
159757
145873
139191
124567
117399
105089
94227
80131
74859
63018
46933
38104
25503
12230
91
-11439
-24163
-33721
-46915
-59733
-72744
-84402
-97065
-109102
-121077
-131211
-145281
-154380
-161114
-175152
-186982
-192681
-203319
-211845
-222511
-231477
-240064
-246481
-256504
-267024
-274143
-280153
-289788
-295057
-301512
-307192
-313219
-318741
-322097
-325071
-330853
-331206
-332191
-337640
-337169
-337394
-340331
-337325
-339963
-341313
-343489
-335921
-338529
-335293
-333645
-331482
-326755
-323760
-318584
-317571
-308470
-303844
-298704
-291128
-286767
-277653
-271213
-261230
-253391
-248046
-235914
-227189
-220560
-206581
-198423
-190055
-179094
-169058
-160118
-151129
-141060
-127840
-113239
-104251
-91497
-78308
-64796
-53826
-42227
-31039
-15487
-3651
7814
20243
31091
44320
52918
68323
79316
91568
100586
112952
125625
135956
146153
157512
167877
177027
186149
197434
208828
217737
229896
236076
244533
254556
262856
269775
277121
284412
289922
295049
304314
307774
311478
321003
322810
324736
330515
334453
330735
335943
341042
339859
343878
341950
341716
341459
342107
341868
337424
337758
337954
332452
327449
325992
320627
315152
309097
302317
295482
290782
285875
277884
268405
262222
257239
247079
237902
227112
215887
209256
199041
187311
178243
168637
162465
147037
133094
122281
113286
98732
83972
72574
60850
48459
38314
27441
11351
1547
-11905
-23338
-38008
-45950
-61217
-72967
-82053
-96467
-109044
-118338
-132130
-144235
-155531
-165694
-177115
-186166
-193133
-208713
-217178
-223570
-232044
-243140
-252790
-257576
-267763
-274172
-284782
-290131
-297371
-302423
-308614
-313887
-315464
-320457
-323789
-330657
-326003
-336896
-339416
-340454
-341825
-342741
-343042
-342671
-342775
-339975
-338925
-340324
-335101
-333007
-330384
-325436
-321432
-317118
-312233
-305846
-303677
-294651
-291124
-286273
-277496
-269720
-262742
-254921
-245269
-237240
-226465
-218904
-208360
-196940
-185204
-177698
-167709
-156863
-145276
-134275
-124477
-112634
-99915
-88687
-75000
-62438
-52925
-37840
-24685
-13663
-4036
10379
21236
33561
45497
60275
70059
79616
95704
106057
114682
126695
138088
147465
162829
171949
180212
194850
206571
211713
220714
230527
234128
243141
252556
260601
269029
278019
283191
293231
298586
302963
305253
312455
317676
319198
324032
323266
330577
332083
331468
333882
338258
337412
339454
336378
337642
338136
337155
334278
329997
330105
323060
320206
312587
311928
304093
300815
295541
290664
286274
280346
273641
267026
256962
248814
241928
232520
221322
211215
201800
191324
183712
173453
161755
148685
147070
133049
120685
107934
95613
87822
73495
59656
49531
44263
28420
16403
3471
-7084
-20937
-32276
-48403
-57123
-67098
-80149
-89609
-104434
-113106
-126710
-133838
-147637
-158497
-170846
-181152
-188195
-199549
-211102
-222026
-228973
-236925
-247355
-255550
-262376
-269728
-276222
-284111
-290412
-295267
-302361
-306355
-315161
-318153
-324661
-329674
-332344
-334583
-338528
-341118
-341696
-338035
-340981
-342289
-339754
-342401
-342485
-339947
-338175
-338747
-335625
-330849
-330377
-325356
-321324
-316788
-309477
-302331
-300080
-290215
-283351
-277061
-269809
-257336
-254002
-244460
-236867
-226538
-218111
-207519
-199273
-186978
-177323
-167911
-157208
-143226
-131337
-120382
-109659
-97586
-84933
-74502
-63606
-51083
-40620
-25814
-12780
1553
11271
27254
34577
47551
61549
71644
81160
95120
105134
114325
126330
136581
150831
159915
171499
179708
187755
202863
210303
216626
230710
236763
245688
251475
263398
267180
274303
286551
288383
295697
301543
307422
310009
316615
320147
324131
327066
329466
331909
335996
337981
337528
340721
337298
341789
337888
338762
338547
336811
335651
333110
331520
328282
327293
320678
314978
313288
306671
299998
295996
288211
281244
276910
269352
260846
255027
247520
235943
231342
220501
209484
199982
191790
181325
168482
158146
146334
135244
126225
116106
100972
90880
78291
65980
56351
44203
31587
17874
10197
-3482
-21610
-28727
-40383
-53628
-66741
-79831
-92138
-102012
-111710
-126424
-135806
-148393
-159004
-171702
-180962
-192217
-201828
-210532
-218985
-229867
-240981
-247016
-257619
-265252
-272749
-281347
-289725
-294424
-302133
-307804
-313896
-316623
-323345
-328762
-331322
-333294
-338914
-338754
-340540
-346311
-346608
-347686
-349177
-349779
-350360
-348510
-349160
-343466
-345902
-342996
-338228
-334620
-333125
-326095
-324537
-318155
-312515
-307045
-301687
-294705
-287667
-282378
-269835
-268710
-256749
-248363
-236414
-227168
-219928
-205918
-197314
-186236
-175850
-165644
-156538
-143784
-132073
-122970
-111841
-98353
-86066
-75319
-59256
-50779
-36134
-22327
-8567
2192
16120
29441
41279
49941
68631
78273
88807
103741
115562
122795
135931
151092
160870
173018
183060
194113
202459
216154
224017
234194
242404
251731
260181
268834
278146
284083
293239
298422
306673
309468
317380
323441
328086
332653
337156
338214
344775
345749
350019
349592
352882
355098
354902
357554
354054
355593
353441
353919
349326
349161
347389
341103
337858
335113
329080
323915
318761
312256
307203
302267
294362
287751
283685
272017
264909
254185
247143
236732
226479
216373
206284
196936
185333
175605
163310
153667
142745
129241
114404
103940
92962
76877
67713
51374
40602
31391
16603
5582
-7700
-21081
-34607
-49084
-60930
-73786
-83833
-97804
-111071
-123156
-135861
-147704
-158593
-169884
-179870
-195201
-201005
-215276
-225951
-233500
-243387
-254779
-262960
-272140
-277863
-288214
-294129
-302406
-311722
-314684
-324296
-332657
-334076
-340225
-345014
-351621
-355193
-355003
-356334
-360797
-360293
-361713
-363796
-363210
-363487
-362975
-360528
-360556
-356710
-356084
-354787
-351804
-347439
-343078
-338779
-334237
-328488
-318678
-317216
-310213
-302740
-296244
-290522
-281978
-273184
-265829
-257006
-246058
-233080
-224947
-214219
-203473
-191478
-178574
-171760
-156236
-145123
-133746
-119457
-111026
-95803
-86172
-73844
-60581
-51096
-39221
-27528
-13044
-1316
10180
23174
38426
51362
64625
74097
87790
100014
112724
122968
136533
148368
159744
172175
184746
193265
203422
217133
224754
232605
243834
252158
261387
272378
280112
286054
295048
304535
309502
313488
320787
323845
331088
335201
338005
344592
347778
350239
353862
354652
357534
356887
359408
361573
357568
355918
358018
357440
353529
349780
348131
348516
345398
342697
338240
333950
329882
321340
316590
307591
303607
294464
290870
279856
270013
263751
256444
240261
233628
223321
214487
205847
191074
183629
170774
164001
149998
138574
127256
114087
100456
88251
77739
63534
52676
40156
27290
14284
3411
-7638
-23982
-36972
-48431
-62822
-76514
-85420
-100447
-114679
-123905
-136889
-149251
-157722
-172646
-182941
-192558
-204160
-215148
-224985
-234400
-247657
-255506
-262777
-274968
-284981
-291384
-301429
-305657
-315942
-318759
-324869
-331518
-336587
-344959
-347218
-350129
-355666
-358683
-362518
-366657
-366634
-366633
-366106
-369129
-367968
-364836
-366589
-365807
-363298
-361549
-359353
-358141
-352982
-346577
-344774
-335587
-329649
-323471
-315420
-310725
-302807
-293589
-286260
-279681
-272015
-259969
-249695
-238763
-230293
-221551
-209378
-196703
-191062
-179174
-165958
-154162
-141184
-129401
-115609
-103556
-89852
-77299
-67571
-53621
-38870
-26518
-16078
-924
11237
23540
39571
51688
61694
74925
87976
98683
111336
124879
136483
144960
159028
170665
182254
194586
204405
212322
225800
232998
242716
252190
262386
269211
279875
287807
294566
301801
308646
318384
323909
329254
334462
342487
345796
351195
355405
358155
360821
361424
364032
364529
369339
371092
372505
372285
372694
369037
369386
365722
361424
362043
355011
351466
348573
339927
339151
336466
327911
324774
315629
310208
299579
294746
288202
276012
265869
259861
244836
235140
225654
217044
206545
191493
180956
168391
154297
148215
130755
117133
106362
95037
80684
68174
53855
40255
26641
12120
-5589
-19230
-31370
-43068
-56476
-70717
-84439
-95237
-108072
-121075
-136810
-149572
-161317
-174978
-185977
-198688
-209938
-221568
-230861
-238991
-249398
-259773
-268307
-278568
-287440
-296537
-304703
-311550
-319329
-326754
-335567
-340319
-343123
-346626
-352825
-355265
-359691
-361978
-361792
-364443
-368573
-368860
-369750
-372132
-370495
-374482
-370622
-365266
-365496
-363627
-359682
-356411
-349114
-345213
-342128
-335993
-331959
-323415
-316970
-311793
-302106
-296771
-287468
-280094
-273028
-262572
-253670
-239502
-229989
-222195
-209558
-201207
-188955
-178484
-167003
-154177
-143182
-132581
-122844
-109474
-95671
-83697
-68883
-55476
-44183
-30998
-18210
-3685
8396
19931
35740
45936
57821
71031
82947
94376
110543
116902
129460
143542
156594
165106
177734
189239
200517
210519
222545
231402
239468
249965
262471
268040
277494
287290
292374
300284
306101
312641
317885
324419
330595
335286
340906
345763
349963
351110
356464
358087
359839
361523
363148
365166
366915
364045
364032
362858
362388
357383
359219
356128
353744
351373
346386
339400
334216
329544
323759
318937
310690
305321
298900
290631
282284
273134
264739
255188
245454
230520
222396
211953
204560
190473
183992
170752
158464
146033
132592
121447
105963
92383
78899
70025
55208
42109
31687
17046
5089
-8210
-20761
-35771
-48337
-63150
-78213
-92371
-100887
-116843
-129956
-141253
-154806
-167492
-177167
-189188
-204280
-212481
-225428
-234550
-245926
-256418
-265520
-278231
-287652
-298223
-303338
-310929
-317966
-325479
-334307
-338404
-344190
-352223
-355660
-364968
-366458
-372983
-374597
-377859
-381239
-382702
-382514
-382535
-383558
-381015
-381464
-375875
-376130
-379757
-372500
-370231
-368974
-369374
-359614
-356882
-349754
-344933
-336642
-330109
-321187
-314349
-306590
-297787
-288083
-278980
-268200
-255593
-247169
-235247
-225710
-215925
-205962
-195015
-182369
-167943
-156314
-142522
-130535
-116587
-100792
-89621
-74252
-62048
-48149
-35777
-22099
-10325
2711
18779
32013
46250
58523
74058
87992
99821
113819
127695
139236
154135
162168
173170
189098
201966
211859
223463
233329
243024
254275
263440
271389
279243
292319
297552
306779
317697
324516
331128
338292
341763
346229
348225
355645
360254
362162
368149
370859
371541
372673
374448
374750
375831
377061
374612
374198
374286
372012
367551
368299
363306
359151
353848
348693
341135
337724
332885
324673
322152
311808
305898
294060
289815
274973
271200
257394
247649
235946
225907
217729
204254
195225
181664
170721
160356
147705
134246
123187
106117
93009
78954
67862
55615
41109
29957
15057
5878
-11425
-23033
-37211
-51740
-66047
-77808
-89807
-101510
-111893
-128825
-139878
-148330
-163636
-175547
-190131
-200225
-211399
-221702
-229177
-240856
-249591
-260385
-270698
-277808
-286468
-295197
-303429
-311908
-317737
-325964
-329713
-336839
-343124
-346144
-352704
-353880
-357355
-357147
-360056
-364647
-364277
-367567
-371349
-369944
-370672
-370494
-368947
-366962
-365396
-362399
-359692
-355058
-352857
-348889
-340639
-341765
-335323
-329251
-322314
-314255
-309677
-296622
-292711
-283964
-274883
-263785
-256099
-243787
-237573
-227229
-215617
-203270
-194730
-183442
-169859
-159992
-146372
-138010
-120499
-109376
-98922
-89373
-75416
-60049
-48291
-35373
-25594
-9427
3120
19435
30250
41003
56846
68299
80422
89991
104013
117696
129927
141616
153266
164117
177591
185818
201447
209468
221271
231962
242303
250765
261284
267932
278121
288622
294728
301175
308227
314999
323030
328026
330608
338074
343709
345811
347860
353836
359583
360199
364199
363703
367823
365479
367208
365941
366651
362074
363153
358762
358689
357763
354377
350865
345399
342459
332276
331059
323390
320922
308782
302331
296289
289806
279715
270405
263019
251941
245829
233033
223436
212006
202191
191553
181014
166209
156387
143039
128691
114565
105429
90654
76188
64589
49763
40967
26949
14547
765
-11707
-28203
-41662
-53839
-64568
-78580
-90167
-106756
-117924
-127285
-144741
-155567
-166914
-177340
-191786
-199621
-214410
-224179
-232481
-243599
-253089
-261582
-271177
-281137
-287274
-300766
-306835
-314094
-320707
-327303
-332001
-339373
-342988
-348540
-351307
-357892
-362270
-360913
-365404
-366778
-366534
-368171
-368483
-370035
-368375
-366273
-366234
-363010
-357143
-359504
-351946
-350578
-347038
-343466
-336765
-333069
-323919
-318030
-312595
-307326
-296871
-289006
-284514
-272409
-261137
-257905
-247417
-235443
-226142
-212940
-202890
-192631
-181132
-170149
-158182
-146619
-132641
-122467
-109070
-98502
-79807
-73151
-58732
-46482
-34436
-21502
-10604
3345
19037
30808
43322
57206
66779
82537
92351
105171
117335
128630
140554
152928
163230
175720
187941
197077
208438
218895
228996
238792
247909
258053
262877
271762
281109
288196
297957
303344
309901
315366
324578
328632
334002
340440
344227
348648
350465
353964
355520
358527
359839
357964
355647
359315
357850
357036
358261
356995
355572
355354
350164
348375
346296
340523
337955
331229
328035
320653
315847
310832
302960
297424
288135
279296
272451
263198
252214
244422
231269
223471
213391
202625
188238
181660
166024
158788
144331
132717
123728
112204
100461
85391
74662
62167
50328
37114
25229
11295
2413
-15415
-26542
-40225
-51973
-66737
-79420
-91341
-105781
-112835
-128589
-138269
-148624
-159439
-172125
-181797
-194532
-203847
-213269
-225634
-234093
-245861
-254710
-263514
-271590
-282608
-290603
-297239
-304887
-309998
-317023
-321499
-324891
-332267
-339405
-341072
-346714
-348679
-351159
-356113
-356964
-355688
-358032
-359438
-359016
-359856
-358795
-357442
-356597
-356039
-354457
-351701
-346060
-342252
-339244
-333038
-326441
-321828
-318056
-313755
-307335
-299222
-292490
-284091
-275399
-270099
-256766
-248275
-235746
-227593
-218817
-208295
-198641
-187511
-180370
-168771
-154745
-146467
-133475
-120445
-105068
-93243
-79985
-70190
-54620
-42193
-31257
-19928
-5509
6619
19091
29953
45004
55545
67781
80887
94581
104530
119718
128971
140405
154740
164065
174504
184160
195592
205512
217592
229897
237759
250386
260700
269721
278426
282957
291091
297541
303357
307554
313404
320915
329086
331141
335949
340569
345590
347815
352804
358374
359234
362246
366322
363591
362071
363923
363891
361969
356791
354220
353834
354121
351266
344647
341922
340381
335303
327218
323235
315602
308697
304459
294513
289698
278894
270181
262015
253151
245565
233804
224645
215313
201955
191694
179897
169881
161703
147513
134371
120065
109704
94984
83968
68601
55804
44605
31482
20119
7545
-4549
-19005
-30525
-47604
-60378
-74498
-87086
-99295
-114128
-127710
-139768
-150622
-164258
-177581
-187185
-197980
-211443
-219588
-230347
-239691
-250158
-257617
-268568
-277165
-288085
-295360
-304428
-314596
-319879
-326179
-331565
-338951
-345060
-346599
-350636
-354778
-360332
-366421
-366943
-368604
-374796
-372632
-374870
-375983
-374048
-372602
-369415
-369280
-364558
-367134
-359348
-356052
-357513
-351163
-343979
-340797
-338135
-331040
-319514
-313197
-301267
-296721
-292301
-280105
-271497
-264897
-252289
-243927
-233477
-224092
-208804
-200071
-189795
-177345
-163310
-152969
-141733
-128711
-115943
-103305
-92189
-78569
-67370
-53908
-39876
-29451
-15858
633
12235
24918
42894
52931
66643
82395
94415
103236
119481
129939
138574
155210
166015
177600
190998
200276
210356
222243
233637
242484
251866
261455
273192
278858
290339
298208
305281
315238
318813
327761
334268
340189
346124
348609
356987
358204
360188
366776
370005
371600
370606
374243
376068
375598
376515
373930
373297
371864
370436
368672
365451
366746
361347
357428
355824
346587
341187
336275
330011
318980
315816
305811
298024
289016
279855
271412
262668
251625
240963
228333
220554
209323
196670
189303
176404
163534
148747
138564
123859
108934
96895
84549
69133
59466
48447
35298
21907
8837
-8576
-20382
-34566
-52212
-66623
-76871
-90137
-104499
-112952
-123457
-136656
-146782
-160820
-172844
-185033
-196633
-212785
-223125
-233101
-244453
-255328
-263615
-271725
-284739
-295909
-298360
-310200
-314639
-319791
-327335
-334609
-339283
-343800
-349706
-355598
-360523
-367312
-367470
-368306
-370778
-372352
-372564
-373990
-376181
-374014
-373914
-374482
-373656
-370602
-368150
-366511
-362375
-361455
-355952
-352109
-345960
-340329
-329972
-325788
-319271
-309746
-301558
-294970
-286450
-278917
-270080
-258181
-247813
-236157
-228950
-217213
-206141
-197146
-183594
-169577
-158706
-146096
-131996
-122834
-109087
-93978
-79034
-67948
-54912
-42640
-32085
-16276
-3664
8067
22941
38421
48558
63407
77740
91420
102002
112792
126101
137601
147602
161635
174048
185568
196712
210415
219177
231852
241092
252212
259318
268682
276720
285777
294772
299146
308761
314454
320692
323923
330169
336626
340834
346515
354327
358070
361097
363571
365018
363404
367591
366958
363569
366250
365510
363688
364157
363404
361444
356892
358187
353895
349689
344236
338582
333653
327897
321490
315244
310276
302977
293956
283694
278403
272626
261616
250672
241338
228616
222622
210677
198077
188384
178839
162681
150526
143010
126613
114952
105344
88964
75193
61889
52878
39608
28548
15678
5219
-11367
-23884
-38976
-53624
-64855
-79226
-90645
-102526
-115382
-129266
-139460
-150113
-161683
-175857
-185979
-197841
-208317
-217183
-227834
-236386
-248583
-257861
-271517
-279958
-288254
-297608
-306358
-312673
-319041
-324347
-327311
-331992
-339049
-348655
-349662
-358428
-361633
-365449
-364482
-368406
-367278
-368811
-370220
-369043
-369978
-370977
-369853
-366411
-364780
-363102
-361756
-357139
-353770
-352253
-348903
-343075
-338321
-332748
-323207
-312768
-307799
-301251
-290770
-282638
-271849
-267018
-256332
-249059
-238135
-229241
-216789
-205929
-195163
-180678
-170857
-157735
-145473
-136560
-121110
-106454
-96535
-85295
-71744
-59540
-47785
-34294
-19514
-6742
6104
18241
33633
45560
60125
70115
85479
96157
108364
119972
134378
146442
158309
168949
181993
192704
201099
215934
224462
235359
244089
255691
263010
273377
284141
287802
295808
305255
312570
315277
325065
331829
336351
339038
345544
350362
354214
358220
359020
362925
366235
368117
368305
369512
366545
370487
366681
367122
364048
364095
362554
359543
354981
348263
346863
343850
337517
329909
326102
319598
311708
304299
297236
291392
283841
275482
264001
258631
244279
237764
226792
216537
200784
190663
181214
170628
157729
144480
131867
122760
108520
91789
79918
69166
55150
41256
28303
17845
2567
-9284
-25613
-37400
-54453
-64379
-80282
-91240
-107312
-123210
-132458
-143870
-157338
-169245
-181355
-191763
-207504
-216580
-228814
-237059
-249030
-258035
-266950
-276080
-287547
-294650
-304241
-311790
-321616
-328741
-336179
-339987
-348001
-352839
-354378
-360216
-366614
-371099
-370598
-375660
-377719
-380760
-380120
-380288
-380321
-383590
-378488
-377643
-377732
-374023
-371518
-366035
-364687
-359625
-352408
-349615
-343950
-336991
-329195
-326565
-316573
-310077
-301584
-292267
-287410
-277823
-264252
-252581
-243742
-233679
-219235
-211814
-199792
-187965
-179044
-165912
-157663
-142027
-130119
-115132
-101860
-89345
-74062
-62954
-49042
-38823
-20317
-11403
721
15808
30629
44672
57500
68214
84619
93767
109715
118243
132573
143828
155017
169899
178588
192833
203768
217323
227815
236778
247513
256046
270581
276169
285721
293550
303368
311658
317278
322113
330207
337270
344512
347974
355210
357340
362252
367168
366961
369918
371009
375273
374941
375603
379283
375898
375247
377135
371352
369343
369802
366633
362341
356614
353790
348299
344608
336427
332377
323718
318151
309832
302422
296732
286534
277791
268173
257366
245795
231877
222426
211014
201224
190473
182045
167776
158247
147441
132197
118819
103580
89389
76028
64794
48982
37266
26594
14173
-2244
-14851
-28389
-45248
-55785
-71475
-80787
-96074
-106851
-119632
-128785
-143961
-154373
-166695
-178963
-192385
-206774
-215780
-224907
-236479
-246083
-258363
-265223
-274433
-285512
-294630
-301627
-307597
-315952
-322205
-327120
-332241
-335822
-340930
-346897
-350934
-357221
-358632
-359109
-363432
-364841
-364921
-361951
-362382
-365729
-365223
-366031
-361146
-362458
-359223
-356821
-356361
-351192
-346324
-344386
-340324
-335451
-326523
-318677
-314468
-308309
-299122
-290806
-284574
-274596
-265807
-255457
-244464
-238108
-226266
-216080
-206645
-196963
-182378
-175756
-164644
-152174
-136692
-124809
-112876
-101856
-86914
-73426
-62154
-52870
-38460
-25317
-11716
363
13853
26908
38133
51465
62817
76310
86754
99918
111583
123680
132567
147260
160228
169315
180786
192214
204665
215165
227754
235655
243779
255266
262521
269603
278692
289790
295552
304397
308863
315896
324779
328322
333744
338640
343381
346501
350191
353764
354308
358652
361749
360909
366381
363212
366486
366347
365719
362777
362883
360076
357002
355165
351910
349834
346350
340473
335768
329176
323633
316877
309723
307240
295724
291789
280382
277200
264051
257521
248593
237327
226059
217542
207819
195972
185117
172510
161206
150616
137701
122217
110608
98470
87764
72994
63455
51105
40713
27446
13119
2157
-11551
-27233
-42190
-53915
-68046
-83750
-94699
-104232
-121054
-131939
-147026
-156770
-168664
-180401
-192699
-204073
-212814
-224511
-234313
-243496
-255985
-268205
-275773
-285483
-295741
-301762
-310175
-316088
-322415
-331043
-335386
-339658
-347388
-354660
-359051
-362878
-365938
-369375
-371075
-373235
-375984
-378990
-375979
-378212
-376792
-379214
-371837
-373407
-371090
-366782
-365784
-361143
-357641
-353842
-348285
-342333
-337980
-332269
-324065
-317264
-310810
-301918
-295569
-287010
-278955
-267462
-256184
-246185
-235775
-226961
-212134
-203263
-191265
-185042
-165577
-155981
-144049
-133875
-118414
-106137
-89539
-80159
-66795
-52202
-38946
-25324
-13288
-1507
13482
28916
41097
53999
66117
80555
95409
107422
120181
128969
146529
157266
170726
179902
192457
203656
214843
226849
236918
248006
256803
270107
275975
284157
292697
304601
311788
320992
325520
333175
340909
348841
351674
357414
364497
367410
369229
374789
378534
380239
382296
378367
376455
373884
369629
366894
367194
363123
361548
356210
357313
352974
347595
344731
341024
339463
331755
329149
323276
321741
316411
308838
303508
297781
289675
282635
274507
266056
257575
249507
240966
230970
223578
215339
209752
195358
186435
175108
164867
155115
143273
136179
126082
118243
109122
102781
95937
80758
70330
60541
49998
42031
33386
22893
17433
12511
3101
-5328
-10009
-18691
-25861
-35765
-41264
-46642
-50957
-56786
-60635
-65261
-72527
-75696
-83870
-90886
-100213
-102553
-107843
-111787
-121758
-126311
-128856
-134119
-143286
-149357
-156481
-162365
-172156
-179072
-183425
-194924
-196893
-206652
-211164
-216965
-225550
-231397
-238190
-244198
-255308
-259939
-265363
-270627
-279496
-284254
-288555
-292759
-297211
-303752
-308301
-313321
-316171
-319341
-322670
-324174
-325890
-325620
-326383
-326430
-326120
-325511
-322977
-328280
-324868
-319977
-319765
-314742
-316020
-312541
-309282
-304219
-301072
-301667
-292158
-287041
-286475
-279672
-273883
-268550
-265159
-258675
-251151
-246394
-244160
-240321
-234157
-226651
-218710
-213026
-203471
-196422
-189442
-181032
-170577
-167555
-160432
-152251
-143541
-136482
-127910
-113752
-102675
-93475
-83175
-71266
-59920
-49267
-39395
-27178
-16262
-5763
5959
19893
31976
41029
56754
69681
75635
90030
103092
115214
131346
140415
154150
168330
180827
196454
207406
216501
232382
243324
255640
265477
275975
287882
298707
306430
315819
323242
332433
338339
348771
355155
360801
367995
373593
374559
378004
383670
387299
389148
391907
390492
395292
394469
396419
396321
392854
393305
392002
390249
388566
385793
382502
379823
376255
371269
367270
361416
358794
351640
345957
335285
331608
324789
316010
309908
302264
292051
287018
273973
267561
252950
244202
234968
221935
209162
200375
190252
178238
165153
156146
140212
129244
116328
101336
92560
76337
65475
48069
32069
20850
7913
-9329
-24174
-40658
-54557
-66867
-82345
-97386
-112863
-129292
-141115
-155783
-171147
-183697
-198888
-213265
-223652
-240874
-253129
-261609
-273591
-285784
-297293
-309694
-318461
-328753
-340622
-348136
-355353
-366401
-372733
-381822
-386423
-393644
-398005
-408025
-413512
-414494
-424982
-423895
-428182
-429696
-432038
-436987
-439455
-440353
-439894
-443058
-440692
-443784
-442424
-440789
-437540
-438396
-432057
-428602
-426040
-422539
-420198
-414282
-409542
-405260
-398605
-390989
-384133
-373549
-363518
-355506
-347234
-339427
-324913
-314719
-302968
-293611
-282385
-265871
-253716
-241060
-229228
-214850
-199167
-182968
-169802
-155125
-140057
-121595
-108087
-91230
-73245
-55320
-35129
-20215
780
13489
37047
53248
71664
89377
105095
126309
140763
159491
176748
195515
211745
231829
244273
259618
279334
293070
307272
324024
333773
351054
365250
372728
389880
399553
407134
414735
427684
436739
449341
457545
465110
473858
479032
480644
489683
495429
499501
500450
502636
508661
509860
509987
509385
513899
510997
507691
511106
504778
502967
500121
495733
490896
485927
479209
468939
466089
455756
451008
441344
432895
419940
406102
399630
389195
375199
359040
346196
337646
320517
305286
287604
277905
264169
241937
230324
213304
194060
178585
165064
145678
125591
106492
92283
67578
50691
30429
12911
-7286
-28561
-50122
-63029
-82333
-100982
-127109
-138967
-161518
-179498
-196090
-211463
-232067
-249136
-267052
-285013
-299050
-316677
-329088
-344622
-359880
-373757
-388997
-405360
-415292
-432243
-443792
-452692
-461316
-476260
-483120
-495049
-499158
-507973
-516168
-522755
-526361
-529858
-541478
-544043
-545558
-548305
-558795
-554384
-560366
-555111
-553816
-550061
-548734
-551818
-541328
-541073
-534515
-530171
-527436
-519545
-510817
-502127
-492939
-484205
-470216
-459650
-446351
-434585
-421704
-408176
-401559
-383392
-371590
-356441
-335139
-320569
-300718
-284305
-265630
-246698
-222174
-213333
-195849
-167488
-144639
-128196
-104997
-78530
-60232
-33030
-19436
6545
22322
49942
72581
96340
120192
139211
158207
182241
206972
224496
251464
265758
294159
309172
331072
348139
369368
386663
405429
415985
440447
454013
466191
479668
496130
518590
527661
542362
549609
563005
568569
580489
584724
592451
599827
603559
618960
620336
622534
626302
629812
625565
626636
627927
626251
629182
625370
621177
614977
608981
604439
597192
593499
581392
569808
560353
552172
544245
527566
516809
502141
487567
476652
460943
452247
428786
410275
393508
386282
361027
345049
327088
309405
289215
265372
246799
227614
204730
182084
166975
146776
125891
99709
81934
55315
38755
16417
-5633
-27773
-51713
-73986
-97617
-114667
-140555
-162995
-184788
-202290
-220044
-245145
-269985
-284997
-305325
-328069
-347892
-367059
-385225
-404462
-419936
-441070
-454788
-475809
-489582
-503637
-517510
-529676
-541718
-550657
-568637
-579451
-591325
-604315
-611805
-620399
-627963
-634770
-640458
-649977
-652951
-657514
-658694
-667842
-658879
-665091
-666940
-666960
-665121
-660409
-654705
-659080
-651099
-638292
-642495
-632236
-625099
-608435
-606608
-591444
-584019
-565302
-551840
-539112
-523531
-502266
-489311
-470967
-451460
-432586
-407956
-394262
-372413
-354207
-336599
-313821
-288203
-266035
-243505
-221936
-194175
-173264
-146707
-128189
-102752
-74169
-44667
-24155
-1602
30284
54062
74936
99747
121734
148881
172660
195470
219890
246592
267581
289640
316991
337773
353346
380404
398311
414561
441619
452200
473177
489949
503342
525736
539253
552283
570025
585276
595569
607341
620324
633705
642602
650590
655651
658690
668678
675589
676548
683848
686202
689158
687727
685265
687592
681551
682602
675340
677176
667522
659420
656365
648705
643146
628903
619619
608511
597279
588374
571673
557697
545378
525906
516361
492523
479457
462145
448288
425025
406066
390129
366204
350658
328980
302374
283225
261202
236571
222121
196083
173613
155562
133403
107184
85962
63842
36263
12515
-13846
-32605
-63717
-82790
-102707
-127072
-149531
-173608
-193776
-221724
-239081
-265205
-284889
-303772
-324801
-343512
-359203
-381676
-400590
-419130
-432980
-451701
-469022
-488326
-504007
-521920
-540799
-550665
-567265
-578551
-589859
-601855
-615245
-623742
-635308
-644443
-647812
-655313
-665128
-669428
-670508
-676299
-680152
-682496
-679714
-677713
-684120
-672932
-671828
-667127
-664141
-658168
-652544
-644727
-638055
-630563
-615673
-608925
-598909
-585319
-571765
-554930
-541429
-532621
-510692
-494898
-474853
-459063
-436925
-418761
-393455
-380189
-352251
-331091
-312808
-285630
-264710
-238326
-220089
-189218
-170837
-141757
-117266
-95690
-69684
-45348
-21343
3780
32223
54883
80220
109010
136722
159420
176212
203068
224313
245964
264332
287472
315679
332499
361240
373938
394673
416997
431664
448331
469450
484977
498064
515125
527454
538327
554362
564368
574616
583069
594601
604419
610313
617836
628263
631125
636630
637842
638813
642198
647813
644129
642848
642630
644815
641139
638017
637547
629589
625931
611356
607397
597834
591359
588059
566655
563780
546141
534879
524400
510457
496258
478860
461136
447325
434046
415037
402230
377827
368189
351009
329012
309307
285083
268554
246706
224890
203379
183639
162392
141095
117366
99357
77357
55870
30575
9847
-7928
-31462
-48550
-74737
-94774
-111752
-135638
-155691
-177340
-194075
-214956
-239620
-258298
-275731
-294638
-314319
-334286
-349174
-370197
-378457
-404324
-416787
-433518
-455045
-460876
-479076
-494659
-509458
-519261
-531893
-541770
-551380
-561872
-570710
-580265
-586081
-597295
-600574
-604588
-613486
-618698
-628048
-626079
-631227
-627630
-627224
-631243
-627885
-627671
-622941
-620519
-618345
-612600
-607831
-597117
-593403
-590319
-577846
-565272
-554314
-546987
-531245
-515437
-504704
-491264
-474684
-464152
-444447
-432989
-417124
-397709
-379683
-359809
-342846
-322202
-303653
-280701
-257000
-239767
-219064
-198761
-174802
-153733
-134805
-112389
-83714
-65747
-43895
-18461
2746
27214
45414
69662
89518
115769
135163
157907
180434
199616
220094
246877
269196
283549
299944
321591
339993
359226
376417
390045
408780
426316
443751
456905
470991
488751
500087
510916
524408
535191
545156
554351
565966
573659
582406
587051
596035
597391
604448
604992
608423
617534
609907
615716
616656
612796
607637
606474
605524
596497
597212
587471
584222
574371
565539
559886
550036
539366
530685
519497
507896
497574
482706
476948
458060
441498
424382
411587
396745
379240
360230
348012
331101
310722
293917
275879
254811
240137
223970
200613
180609
161835
142723
126828
103255
81968
65694
39863
21565
-5916
-26090
-45843
-60402
-81752
-103644
-126169
-143116
-159532
-185292
-206188
-226944
-246070
-266174
-284275
-303605
-318609
-340755
-357568
-372431
-393336
-407715
-419142
-436154
-451128
-461793
-475725
-490161
-496398
-515478
-525423
-532167
-545043
-554492
-559801
-570242
-578445
-580580
-588733
-592122
-597181
-601836
-603545
-603104
-605963
-606974
-602433
-602292
-604103
-599305
-594380
-589357
-586533
-581857
-576434
-569047
-560579
-552833
-542832
-529858
-518531
-507543
-503272
-486853
-471625
-458297
-443383
-432853
-412675
-398138
-379224
-360817
-349372
-328775
-307030
-288867
-268841
-248203
-226937
-203301
-190105
-171082
-148725
-126174
-106173
-80353
-59835
-34205
-12449
10082
35222
57996
80295
98538
119915
140388
162401
182306
204806
231419
251193
269951
291453
312923
333247
351211
370066
389854
407994
427009
440732
457406
469059
490529
509054
512464
528640
541985
557797
568456
577540
584773
595658
598854
606469
616092
622854
620167
624007
626945
629931
642097
638048
633319
632352
636309
636423
629886
620868
623895
616648
608694
597822
592522
589042
575562
567044
550591
540804
530740
515331
501684
484992
471698
456372
442991
420659
401386
390922
369270
346173
328221
308801
286259
267905
241005
224166
199717
174929
156964
131644
116657
87962
70064
44493
19658
-5048
-22306
-53699
-72948
-95337
-113628
-140581
-156414
-177658
-202975
-223498
-251699
-265299
-287598
-305653
-325229
-343500
-368203
-385847
-404761
-425580
-444849
-458843
-478534
-490070
-512289
-522416
-535905
-547268
-565071
-570557
-585089
-598068
-604121
-615876
-618197
-635751
-638374
-646611
-649311
-656990
-658715
-660755
-661899
-663134
-668477
-661044
-660015
-666296
-655898
-654496
-649080
-643020
-634818
-628111
-617422
-612362
-601185
-585332
-575552
-554117
-542403
-531636
-520894
-497473
-481626
-465696
-449525
-426287
-410715
-389940
-368310
-346122
-322808
-303193
-282219
-255700
-235085
-214215
-184274
-161775
-140392
-117598
-91807
-67551
-38346
-15113
12981
38836
57404
79551
113318
132683
152901
177031
204292
226546
246531
273331
296637
318134
338443
361123
380836
404709
418945
438674
457906
473671
487570
504028
524375
536808
549820
562070
574323
590433
599520
614144
618814
631121
639428
648525
652455
661826
668800
662902
669632
671794
675216
676306
676974
677144
675425
673762
676107
667731
659750
652641
643723
641474
626681
620197
610484
607895
590196
581254
574927
558091
545425
528164
513783
503985
481601
462927
447568
431480
414980
399522
376877
351892
329905
315094
292837
264627
251792
226522
207552
183148
153802
139739
115758
90597
65668
41541
23242
-6442
-22474
-55516
-72508
-92525
-116406
-140526
-159921
-183683
-209604
-231550
-258059
-272214
-293314
-321296
-336677
-351340
-374609
-391742
-411946
-429155
-447411
-463372
-486634
-494186
-515103
-525558
-543802
-554889
-574409
-584403
-588669
-606126
-612796
-623108
-631377
-641803
-646424
-654352
-658095
-666937
-670364
-680255
-675441
-679965
-685270
-675321
-674045
-680570
-667337
-670731
-665188
-657570
-654205
-648374
-641296
-633885
-624861
-614299
-602760
-591566
-572650
-563619
-545894
-533475
-517487
-499980
-478604
-462210
-449842
-426895
-409036
-385793
-370628
-347142
-327186
-301017
-275497
-258161
-231967
-208672
-190758
-166564
-141896
-117757
-91568
-68674
-44861
-17578
9380
24627
60528
82099
104855
125874
150250
176413
197538
221708
243454
266167
288661
312260
328101
352227
369743
386477
413244
427951
445485
469299
482411
502385
518314
527044
540453
551096
568490
577833
592741
602487
610373
619715
626234
635490
639601
643123
648998
653309
655365
653669
663515
665680
665981
664026
663938
658558
659486
655926
647816
640808
635079
623116
621633
617544
601665
590924
580113
567353
558848
544625
530275
522912
501989
490059
473496
461649
443116
427957
409570
393597
370288
357923
331837
312443
294303
268341
253072
231746
207385
186162
166991
147382
124282
101804
74993
52348
33596
7322
-14456
-34421
-60423
-82448
-104122
-127266
-148001
-169010
-189490
-209800
-232710
-261760
-276202
-304755
-321004
-343320
-363320
-380858
-401757
-416156
-438873
-460404
-474469
-488566
-507531
-514873
-539461
-548098
-561943
-575380
-588628
-597914
-608753
-615789
-629454
-634607
-639071
-643975
-653552
-666947
-666496
-668969
-674509
-673274
-669801
-673488
-668684
-672096
-668189
-656030
-656304
-652891
-643924
-641562
-630145
-620647
-606067
-596743
-586914
-573743
-557817
-545297
-537579
-517035
-504649
-489260
-473365
-447596
-432413
-408574
-391674
-370450
-348232
-336500
-312044
-295334
-273685
-251257
-229725
-207769
-181098
-165807
-136278
-113765
-90663
-63185
-37898
-19254
5721
27909
55652
75189
99410
127425
148413
172947
193442
216199
237220
259278
281756
304478
319418
344651
362287
379934
393843
417637
433047
455789
469540
486446
505824
524820
534866
546597
563784
571463
579511
591591
604348
616782
616014
625396
631035
636661
642497
644162
647907
651241
652429
652302
654789
649680
650771
650999
644513
638350
637618
625147
628507
614833
605210
597495
586985
574440
559690
544573
533341
520948
501890
493760
476169
460725
444390
432137
410477
396104
377068
358708
342322
319787
296399
274209
257943
238574
214103
195716
173146
149187
126096
104693
84995
57436
39534
17288
-4235
-27555
-53411
-73689
-93845
-120771
-143397
-158662
-180822
-204944
-225609
-243009
-262986
-289121
-308946
-327653
-348195
-366731
-385887
-399003
-419904
-436648
-447946
-468431
-483575
-498397
-509936
-524028
-537018
-547749
-557311
-568305
-581336
-590104
-599690
-607495
-614798
-627548
-629963
-634126
-636263
-641503
-646678
-644048
-646539
-648951
-649378
-647449
-643836
-642620
-635070
-634921
-627675
-627068
-623004
-609958
-603241
-593952
-584218
-566583
-557860
-542255
-531660
-515193
-502701
-488406
-470527
-457027
-439353
-422401
-396561
-381205
-358569
-340063
-314613
-296218
-270038
-247416
-224358
-205867
-184310
-164240
-141279
-116376
-92314
-66575
-43323
-18014
3549
27360
51534
74824
104871
129047
145227
176626
196484
212995
229610
257515
279352
301814
324147
344513
360371
381755
400809
413737
428922
445740
466881
482029
498877
507383
524275
535381
546787
555612
566275
577522
586412
595015
601737
611335
611640
621914
625731
624773
627388
629267
635316
630465
629509
630100
628492
625092
620613
623648
615082
606815
599420
598983
584699
572941
563330
556568
543824
534621
520804
509052
492445
472137
459283
441361
431552
409007
397621
376320
360208
340043
322214
302354
281243
261587
239732
221081
201096
182640
160010
135391
122826
94881
70956
49124
23954
5159
-20633
-39135
-62562
-81785
-104562
-119055
-147253
-163484
-188440
-206574
-225802
-247233
-267851
-280835
-298033
-321198
-338153
-355063
-369308
-389740
-405874
-421472
-431890
-453178
-463024
-472810
-489108
-501985
-508472
-520256
-527539
-535624
-543068
-550612
-558146
-565492
-569429
-573450
-578870
-586126
-587605
-589768
-592277
-594309
-594356
-591433
-593227
-583572
-588538
-578570
-578672
-571042
-570734
-563678
-556278
-552881
-536813
-529368
-518251
-508832
-498470
-486679
-472317
-465386
-448892
-435112
-425941
-408888
-396281
-378799
-359494
-353708
-329729
-313513
-290262
-274638
-253114
-230274
-215315
-197595
-177195
-157715
-133310
-112486
-92496
-68576
-49702
-28499
-6721
17858
31769
55480
77122
99788
116111
135954
160539
181889
198055
216139
239128
259081
276138
291708
310940
332016
349732
366206
380072
400923
414746
425672
444295
455802
469882
477136
491879
505350
510850
522502
531417
540608
548162
560110
561541
571714
573976
580813
583943
587902
586252
585535
588442
587783
588404
585606
586379
585100
577767
571586
570213
562261
553796
542637
533369
528810
519980
506710
497809
483617
475065
459017
447445
430633
414579
398694
382953
365641
347844
331959
311439
295968
278513
258887
237875
218818
200894
178759
159924
141906
118867
99591
76005
57639
37429
18361
-9615
-27781
-53005
-72398
-88800
-108667
-131477
-152093
-172243
-188430
-208797
-232056
-247975
-269232
-281147
-304116
-318239
-338059
-348869
-370233
-390133
-402451
-415174
-429544
-443285
-456955
-469094
-478194
-489373
-500322
-512789
-523117
-529945
-538944
-548844
-552671
-556545
-561463
-567874
-571330
-576443
-569091
-581305
-578950
-583686
-580044
-578559
-577375
-577048
-570660
-568729
-565949
-555141
-553482
-544811
-539645
-530624
-523185
-512190
-499094
-490897
-473756
-465102
-453667
-437241
-420194
-408066
-393649
-372844
-361043
-338906
-323780
-300383
-284632
-264098
-245509
-222587
-199004
-175237
-160330
-136513
-114810
-93368
-72308
-50683
-21515
-1539
18238
44442
71959
91499
116670
143217
160028
183980
201383
224596
244787
267974
285480
305766
330703
345446
362806
384481
400173
417779
434759
450818
463378
481813
493445
508887
524379
532057
543110
552785
567888
575433
587769
588829
601529
604237
607513
614718
619629
618648
623616
621823
624395
626583
623735
624548
620437
614076
616653
609481
